{
 "cells": [
  {
   "cell_type": "code",
   "execution_count": 172,
   "metadata": {},
   "outputs": [],
   "source": [
    "import numpy as np\n",
    "from matplotlib import pyplot as plt\n",
    "import seaborn as sns\n",
    "from itertools import combinations\n",
    "from scipy.linalg import cho_solve, cho_factor\n",
    "from tqdm import tqdm\n",
    "\n",
    "np.set_printoptions(precision=4, linewidth=200, sign=\" \")"
   ]
  },
  {
   "cell_type": "markdown",
   "metadata": {},
   "source": [
    "## Useful functions from pose_graph_jacobian.ipynb\n",
    "Just functions for `Exp` and `Log` maps, `cross` product matrix function and calculation of the jacobian"
   ]
  },
  {
   "cell_type": "code",
   "execution_count": 173,
   "metadata": {},
   "outputs": [],
   "source": [
    "def np_cross(x):\n",
    "    return np.array([\n",
    "        [0,-x[2],x[1]],\n",
    "        [x[2],0,-x[0]],\n",
    "        [-x[1],x[0],0]\n",
    "    ])\n",
    "\n",
    "def np_exp(x):\n",
    "    theta = np.linalg.norm(x[3:])\n",
    "    if theta == 0:\n",
    "        R = np.eye(3)\n",
    "        t = x[:3]\n",
    "    else:\n",
    "        a = np.sin(theta)/theta\n",
    "        b = (1 - np.cos(theta))/(theta*theta)\n",
    "        c = (theta - np.sin(theta))/(theta**3)\n",
    "        w = np_cross(x[3:])\n",
    "        R = np.eye(3) + a*w + b*w@w\n",
    "\n",
    "        t = (np.eye(3) + b*w + c*w@w)@x[:3]\n",
    "    \n",
    "    mat = np.eye(4)\n",
    "    mat[:3, :3] = R\n",
    "    mat[:3, 3] = t\n",
    "\n",
    "    return mat\n",
    "\n",
    "def np_log(T):\n",
    "    theta = np.arccos((np.trace(T) - 2) / 2)\n",
    "    # theta = np.arccos((T[0, 0] + T[1, 1] + T[2, 2] - 1) / 2)\n",
    "\n",
    "    if theta == 0:\n",
    "        return np.array([T[0, 3], T[1, 3], T[2, 3], 0, 0, 0\n",
    "])\n",
    "    a = np.sin(theta)/theta\n",
    "    b = (1 - np.cos(theta))/(theta*theta)\n",
    "\n",
    "    x4 = 1/(2*a)*(T[2, 1] - T[1, 2])\n",
    "    x5 = 1/(2*a)*(T[0, 2] - T[2, 0])\n",
    "    x6 = 1/(2*a)*(T[1, 0] - T[0, 1])\n",
    "    \n",
    "    w = np_cross(np.array([x4,x5,x6]))\n",
    "    u = (np.eye(3) - 1/2*w + 1/(theta**2)*(1 - a/(2*b))*w@w)@T[:3, 3]\n",
    "\n",
    "    return np.array([u[0], u[1], u[2], x4, x5, x6])"
   ]
  },
  {
   "cell_type": "code",
   "execution_count": 174,
   "metadata": {},
   "outputs": [],
   "source": [
    "def np_adjoint(X):\n",
    "    \"\"\"X is a 4x4 matrix not a 6 Vector\"\"\"\n",
    "    mat = np.zeros((6,6))\n",
    "    mat[:3,:3] = X[:3,:3]\n",
    "    mat[3:,3:] = X[:3,:3]\n",
    "    mat[:3,3:] = np_cross(X[:3,3])@X[:3,:3]\n",
    "\n",
    "    return mat.T\n",
    "\n",
    "def np_error(Z, Xi, Xj):\n",
    "    return np_log(np.linalg.inv(np_exp(Z))@np.linalg.inv(np_exp(Xi))@np_exp(Xj))\n",
    "\n",
    "def np_exp_error(Z, Xi, Xj):\n",
    "    return np.linalg.inv(np_exp(Z))@np.linalg.inv(np_exp(Xi))@np_exp(Xj)"
   ]
  },
  {
   "cell_type": "code",
   "execution_count": 175,
   "metadata": {},
   "outputs": [],
   "source": [
    "def box_plus(a, b):\n",
    "    return np_log(np_exp(a)@np_exp(b))\n",
    "\n",
    "def box_minus(a, b):\n",
    "    return np_log(np.linalg.inv(np_exp(b))@np_exp(a))"
   ]
  },
  {
   "cell_type": "code",
   "execution_count": 176,
   "metadata": {},
   "outputs": [],
   "source": [
    "def Je_analytic_Xi(Z, Xi, Xj):\n",
    "    eXi, eXj = np_exp(Xi), np_exp(Xj)\n",
    "    A = np.zeros((6,6))\n",
    "    A[:3,:3] = (eXj[:3,:3]).T\n",
    "    A[3:,3:] = (eXj[:3,:3]).T\n",
    "    A[:3,3:] = -(eXj[:3,:3]).T@np_cross(eXj[:3,3])\n",
    "\n",
    "    B = np.zeros_like(A)\n",
    "    B[:3, :3] = eXi[:3,:3]\n",
    "    B[3:,3:] = eXi[:3,:3]\n",
    "    B[:3,3:] = np_cross(eXi[:3, 3])@eXi[:3,:3]\n",
    "\n",
    "    return -A@B\n",
    "\n",
    "def Je_analytic_Xj(Z, Xi, Xj):\n",
    "    return np.eye(6)"
   ]
  },
  {
   "cell_type": "code",
   "execution_count": 177,
   "metadata": {},
   "outputs": [],
   "source": [
    "def Je_numeric_Xi(Z, Xi, Xj, eps=1E-8, type_=np.float64):    \n",
    "    Z, Xi, Xj = Z.astype(type_), Xi.astype(type_), Xj.astype(type_)\n",
    "\n",
    "    generators = [np.array([i==j for i in range(6)], dtype=type_) for j in range(6)]\n",
    "\n",
    "    error = np_exp_error(Z, Xi, Xj)\n",
    "    # error_inv = np.linalg.inv(np_exp_error(Z, Xi, Xj))\n",
    "    # gen_error = [np.linalg.inv(np_exp(Z))@np.linalg.inv(np_exp(Xi)@np_exp(g_i*eps))@np_exp(Xj) for g_i in generators]\n",
    "    gen_error = [np.linalg.inv(np_exp(Z))@np.linalg.inv(np_exp(Xi + g_i*eps))@np_exp(Xj) for g_i in generators]\n",
    "    # gen_error = [np.linalg.inv(np_exp(Z))@np.linalg.inv(np_exp(Xi + g_i*eps))@np_exp(Xj) for g_i in generators]\n",
    "\n",
    "    # cols = (1/eps)*np.array([np_log(error_inv@gen_error_i) for gen_error_i in gen_error]).T\n",
    "    try:\n",
    "        cols = (1/eps)*np.array([np_log(gen_error_i) - np_log(error) for gen_error_i in gen_error]).T\n",
    "    except TypeError:\n",
    "        print(gen_error)\n",
    "        print(error)\n",
    "        raise\n",
    "\n",
    "    return cols\n",
    "\n",
    "\n",
    "def Je_numeric_Xj(Z, Xi, Xj, eps=1E-8, type_=np.float64):    \n",
    "    Z, Xi, Xj = Z.astype(type_), Xi.astype(type_), Xj.astype(type_)\n",
    "\n",
    "    generators = [np.array([i==j for i in range(6)], dtype=type_) for j in range(6)]\n",
    "\n",
    "    error = np_exp_error(Z, Xi, Xj)\n",
    "    # error_inv = np.linalg.inv(np_exp_error(Z, Xi, Xj))\n",
    "    # gen_error = [np.linalg.inv(np_exp(Z))@np.linalg.inv(np_exp(Xi))@(np_exp(Xj)@np_exp(g_i*eps))for g_i in generators]\n",
    "    gen_error = [np.linalg.inv(np_exp(Z))@np.linalg.inv(np_exp(Xi))@np_exp(Xj + g_i*eps) for g_i in generators]\n",
    "\n",
    "\n",
    "    # cols = (1/eps)*np.array([np_log(error_inv@gen_error_i) for gen_error_i in gen_error]).T\n",
    "    cols = (1/eps)*np.array([np_log(gen_error_i) - np_log(error) for gen_error_i in gen_error]).T\n",
    "\n",
    "    return cols"
   ]
  },
  {
   "cell_type": "markdown",
   "metadata": {},
   "source": [
    "## Setting up the pose graph problem\n",
    "The plan here is to define a pose graph problem that is simple to solve and has a known correct solution - i.e. I can check that I'm converging on the right spot. To start with I think I'm going to go with 3 fully connected poses. I then calculate the correct measurements between them as my measurements, and set the information matrices to something reasonable. After that, displace the points and use these new points as my starting off point for the optimisation - if it correctly comes back to the original position then I'll know I've done something right and can move onto progressively harder problems."
   ]
  },
  {
   "cell_type": "code",
   "execution_count": 178,
   "metadata": {},
   "outputs": [],
   "source": [
    "n = 50\n",
    "poses = [np_log(np_exp((np.random.random(6) - 0.5)*2)) for _ in range(n)]\n",
    "measurements = {(i,j):np_log(np.linalg.inv(np_exp(poses[i]))@np_exp(poses[j])) for (i, j) in combinations(range(n), 2)}\n",
    "\n",
    "eps = 0.1\n",
    "disturbed_poses = [p + np.random.normal(0, eps, 6) if i else p for i, p in enumerate(poses)]\n",
    "disturbed_poses[0] = poses[0]\n",
    "\n",
    "infos = {k:np.linalg.inv(np.eye(6)*0.05) for k in measurements.keys()}\n",
    "\n",
    "# disturbed_poses, poses"
   ]
  },
  {
   "cell_type": "markdown",
   "metadata": {},
   "source": [
    "### Take new measurements\n",
    "So we are going to take all the consecutive measurements and then a few \"loop closure\" measurements and see what happens"
   ]
  },
  {
   "cell_type": "code",
   "execution_count": 179,
   "metadata": {},
   "outputs": [
    {
     "data": {
      "text/plain": [
       "51"
      ]
     },
     "execution_count": 179,
     "metadata": {},
     "output_type": "execute_result"
    }
   ],
   "source": [
    "new_measures = {}\n",
    "for i in range(n - 1):\n",
    "    # print(measurements[(i,i+1)])\n",
    "    new_measures[(i, i + 1)] = measurements.pop((i,i+1))\n",
    "\n",
    "keys = tuple(measurements.keys())\n",
    "for i in np.random.choice(len(keys), 2):\n",
    "    new_measures[keys[i]] = measurements[keys[i]]\n",
    "\n",
    "measurements = new_measures\n",
    "len(new_measures)"
   ]
  },
  {
   "cell_type": "markdown",
   "metadata": {},
   "source": [
    "Now that we have our poses, measurements and information matrices its time to get on with writing the actual optimisation code. We're going to use Gauss-Newton I think so the update rule is going to look like this:\n",
    "\n",
    "$$\\Delta x = (J^TJ)^{-1}J^Tr$$"
   ]
  },
  {
   "cell_type": "code",
   "execution_count": 180,
   "metadata": {},
   "outputs": [
    {
     "data": {
      "text/plain": [
       "((300, 300), (300,))"
      ]
     },
     "execution_count": 180,
     "metadata": {},
     "output_type": "execute_result"
    }
   ],
   "source": [
    "def make_parts(poses, measurements, infos):\n",
    "    H = np.zeros((6*len(poses), 6*len(poses)))\n",
    "    b = np.zeros(6*len(poses))\n",
    "\n",
    "    H[:6, :6] += np.eye(6)\n",
    "\n",
    "    for (i, j), Zij in measurements.items():\n",
    "        Xi, Xj = poses[i], poses[j]\n",
    "        omega = infos[(i, j)]\n",
    "\n",
    "        e = np_error(Zij, Xi, Xj)\n",
    "        A = Je_numeric_Xi(Zij, Xi, Xj)\n",
    "        B = Je_numeric_Xj(Zij, Xi, Xj)\n",
    "\n",
    "        H[6*i:6*i+6, 6*i:6*i+6] += A.T@omega@A\n",
    "        H[6*i:6*i+6, 6*j:6*j+6] += A.T@omega@B\n",
    "        H[6*j:6*j+6, 6*i:6*i+6] += B.T@omega@A\n",
    "        H[6*j:6*j+6, 6*j:6*j+6] += B.T@omega@B\n",
    "\n",
    "        b[6*i:6*i+6] += A.T@omega@e\n",
    "        b[6*j:6*j+6] += B.T@omega@e\n",
    "\n",
    "    return H, b\n",
    "\n",
    "H, b = make_parts(disturbed_poses, measurements, infos)\n",
    "\n",
    "H.shape, b.shape\n"
   ]
  },
  {
   "cell_type": "code",
   "execution_count": 187,
   "metadata": {},
   "outputs": [
    {
     "name": "stdout",
     "output_type": "stream",
     "text": [
      "[array([-0.074 , -0.1974, -0.7999,  0.9403, -0.3081,  0.0518]), array([-0.998 ,  0.6752,  0.5913,  0.7361, -0.5811,  0.1681]), array([ 1.0657e+00, -5.7989e-01, -5.5361e-01,  9.1077e-01,  7.7744e-04, -7.8859e-01]), array([ 0.7425,  0.967 ,  0.4661, -0.7872, -0.8855, -0.7158]), array([-1.0983, -0.4692, -0.7568, -0.5052,  0.0334, -0.5942]), array([ 0.274 ,  0.2962, -0.4586,  0.7342, -0.5818, -0.9403]), array([-0.874 , -0.5619,  0.4137,  0.2611,  0.3736, -0.5892]), array([-1.0508, -0.6791,  1.0318,  0.3624, -0.5981,  0.2431]), array([ 0.6245, -0.5823,  0.5267, -0.7601,  0.5937, -0.29  ]), array([ 0.1125,  0.4108,  0.7289,  0.906 , -0.3417,  0.0766]), array([ 0.8554, -0.0372,  0.2734, -0.1757, -0.1841,  0.6898]), array([ 0.8793, -0.112 , -0.8183,  0.9917, -0.2922, -0.4234]), array([ 0.0409, -0.4232, -0.8385,  0.3685, -0.7888, -0.0242]), array([-0.9908, -0.5261, -0.0381, -0.2667,  0.0831,  0.7216]), array([-0.9311, -0.205 ,  0.2429,  0.1843, -0.7617, -0.0327]), array([-0.039 ,  0.4552, -1.0334,  0.2808, -0.0405, -0.4949]), array([-0.8797,  0.9329, -0.6437, -0.6366,  0.7137,  0.3246]), array([-0.9362, -0.7856,  0.9039,  0.3985, -0.7571,  0.515 ]), array([-0.8462,  0.7655, -0.0025,  0.6182, -0.3393,  0.0704]), array([-0.377 ,  0.9546, -0.637 , -0.8896, -0.4143,  0.4615]), array([-0.4809,  0.845 ,  0.5706, -0.1053,  0.5609, -0.5593]), array([ 0.0894,  0.8104,  0.7291, -0.7988,  0.6413,  0.1339]), array([ 0.2418, -0.581 , -0.8871,  0.4384,  0.4454, -0.9894]), array([ 0.9542,  0.4029,  0.9606, -0.7096, -0.3258,  0.4229]), array([ 0.3717, -0.1524,  0.4574, -0.2996, -0.3881,  1.039 ]), array([ 0.6937, -0.4153,  0.0526, -0.0447, -0.9304,  0.1361]), array([-0.1821,  0.2982, -0.499 , -0.7143,  0.6302, -0.8856]), array([ 0.5288,  0.1371, -0.0542, -0.8985, -1.0713, -0.3525]), array([ 0.2928, -0.4807,  0.3942,  1.1777, -0.9314, -0.6087]), array([ 0.1808,  0.6246, -0.4955,  0.6683, -0.3617, -0.1206]), array([-1.0214, -0.7287,  0.6731, -0.6465, -0.641 ,  0.3459]), array([-0.7045, -0.9127,  0.4486, -0.5281,  0.6942,  0.4   ]), array([-0.3698, -1.0122,  0.8197, -0.4707, -0.6999, -0.4857]), array([-0.0483, -0.4997,  0.5986, -0.0737,  0.069 , -0.5203]), array([ 0.9415, -1.0934,  0.9606,  0.3757,  0.6254, -0.3038]), array([-0.6662,  0.5197,  0.4896,  0.5516, -0.0792,  0.9296]), array([-0.687 ,  0.2561, -0.7805, -0.6769, -0.244 ,  0.1708]), array([ 0.3199, -0.8561,  0.6811,  0.7097,  0.4031, -0.4721]), array([ 0.0695,  0.2263, -0.8068,  0.2664,  0.6534, -0.2322]), array([-0.8253,  0.0846, -0.0866, -0.3762,  0.9248, -0.2591]), array([-0.4017,  0.0903, -0.3346,  0.6424, -0.8925,  0.6191]), array([-0.1354,  0.51  ,  0.6889,  0.8381, -0.9772, -0.5   ]), array([ 0.0338, -0.173 ,  0.2885, -0.6045,  0.1449, -0.1708]), array([ 0.713 , -0.1905, -0.4015, -0.478 , -0.3596, -0.5558]), array([-0.2188, -0.0415,  0.6586, -0.551 ,  0.956 , -0.1991]), array([ 0.6685,  0.8078,  0.7974,  0.2796,  1.0202, -0.4244]), array([-0.54  ,  0.5844,  0.3118, -0.6461,  0.612 , -0.9022]), array([ 0.9049,  0.9373, -0.8341, -0.0138, -0.3808, -0.9121]), array([-0.3377,  0.6301, -0.1536,  0.3469, -0.5162, -0.3228]), array([-0.3127,  0.7995,  0.6693,  0.8119,  0.4464,  0.7529])]\n"
     ]
    },
    {
     "name": "stderr",
     "output_type": "stream",
     "text": [
      "100%|██████████| 6/6 [00:00<00:00, 16.10it/s]\n"
     ]
    }
   ],
   "source": [
    "new_poses = disturbed_poses[:]\n",
    "print([p for p in new_poses])\n",
    "\n",
    "for i in tqdm(range(10)):\n",
    "    H, b = make_parts(new_poses, measurements, infos)\n",
    "    # with np.printoptions(precision=4, suppress=True):\n",
    "    #     print(H)\n",
    "    delta = cho_solve(cho_factor(H), b)\n",
    "\n",
    "    pose_vector = np.concatenate(new_poses)\n",
    "    for i in range(0, pose_vector.shape[0]//6):\n",
    "        # new_poses[i] = np_log(np_exp(new_poses[i])@np_exp(delta[6*i:6*i + 6]))\n",
    "        new_poses[i] = np_log(np.linalg.inv(np_exp(delta[6*i:6*i + 6]))@np_exp(new_poses[i]))\n",
    "        # new_poses[i] += delta[6*i:6*i+6]\n",
    "    # print([p for p in new_poses])\n",
    "\n",
    "\n",
    "# print(new_poses)\n",
    "# print(poses)\n",
    "    "
   ]
  },
  {
   "cell_type": "markdown",
   "metadata": {},
   "source": [
    "## Visualising the Optimisation\n",
    "The plan is to visualise the optimisation process using open3d and some coloured dots.\n",
    "- Red is the initial \"bad\" position of the "
   ]
  },
  {
   "cell_type": "code",
   "execution_count": 188,
   "metadata": {},
   "outputs": [],
   "source": [
    "import open3d as o3d\n",
    "from itertools import chain"
   ]
  },
  {
   "cell_type": "code",
   "execution_count": 189,
   "metadata": {},
   "outputs": [],
   "source": [
    "def create_axis(transform, colour, size=0.2):\n",
    "    mesh = o3d.geometry.TriangleMesh.create_coordinate_frame(size=size, origin=np.array([0.0,0.0,0.0]))\n",
    "    mesh.paint_uniform_color(colour)\n",
    "    mesh.transform(transform)\n",
    "    return mesh"
   ]
  },
  {
   "cell_type": "code",
   "execution_count": 190,
   "metadata": {},
   "outputs": [],
   "source": [
    "true_poses = [create_axis(np_exp(x), [0,1,0]) for x in poses]\n",
    "start_poses = [create_axis(np_exp(x), [1,0,0]) for x in disturbed_poses]\n",
    "end_poses = [create_axis(np_exp(x), [0,0,1], 0.3) for x in new_poses]\n",
    "\n",
    "# o3d.visualization.draw_geometries([x for x in chain(start_poses, true_poses, end_poses)])"
   ]
  },
  {
   "cell_type": "code",
   "execution_count": 191,
   "metadata": {},
   "outputs": [
    {
     "name": "stdout",
     "output_type": "stream",
     "text": [
      "[[ 0.1875 -0.636  -0.7486]\n",
      " [ 0.9823  0.1214  0.1429]\n",
      " [-0.     -0.7621  0.6474]]\n",
      "[ 0.1875  0.9823 -0.    ] [-0.636   0.1214 -0.7621] [-0.7486  0.1429  0.6474]\n",
      "[[-0.494  -0.4036  0.7701]\n",
      " [-0.8695  0.2293 -0.4375]\n",
      " [ 0.     -0.8857 -0.4642]]\n",
      "[-0.494  -0.8695  0.    ] [-0.4036  0.2293 -0.8857] [ 0.7701 -0.4375 -0.4642]\n",
      "[[ 0.9933  0.0756  0.0874]\n",
      " [-0.1156  0.6499  0.7512]\n",
      " [ 0.     -0.7562  0.6543]]\n",
      "[ 0.9933 -0.1156  0.    ] [ 0.0756  0.6499 -0.7562] [ 0.0874  0.7512  0.6543]\n",
      "[[-0.4595  0.3795 -0.803 ]\n",
      " [ 0.8882  0.1963 -0.4155]\n",
      " [ 0.     -0.9041 -0.4273]]\n",
      "[-0.4595  0.8882  0.    ] [ 0.3795  0.1963 -0.9041] [-0.803  -0.4155 -0.4273]\n",
      "[[ 0.3203  0.1361  0.9375]\n",
      " [-0.9473  0.046   0.3169]\n",
      " [ 0.     -0.9896  0.1437]]\n",
      "[ 0.3203 -0.9473  0.    ] [ 0.1361  0.046  -0.9896] [ 0.9375  0.3169  0.1437]\n",
      "[[-0.5467 -0.4532 -0.7041]\n",
      " [ 0.8373 -0.2959 -0.4597]\n",
      " [ 0.     -0.8408  0.5413]]\n",
      "[-0.5467  0.8373  0.    ] [-0.4532 -0.2959 -0.8408] [-0.7041 -0.4597  0.5413]\n",
      "[[-0.9431  0.1386 -0.3022]\n",
      " [ 0.3325  0.3932 -0.8573]\n",
      " [ 0.     -0.909  -0.4169]]\n",
      "[-0.9431  0.3325  0.    ] [ 0.1386  0.3932 -0.909 ] [-0.3022 -0.8573 -0.4169]\n",
      "[[ 0.1498  0.085   0.985 ]\n",
      " [-0.9887  0.0129  0.1493]\n",
      " [ 0.     -0.9963  0.086 ]]\n",
      "[ 0.1498 -0.9887  0.    ] [ 0.085   0.0129 -0.9963] [ 0.985   0.1493  0.086 ]\n",
      "[[ 0.6113 -0.0346 -0.7906]\n",
      " [ 0.7914  0.0267  0.6107]\n",
      " [-0.     -0.999   0.0437]]\n",
      "[ 0.6113  0.7914 -0.    ] [-0.0346  0.0267 -0.999 ] [-0.7906  0.6107  0.0437]\n",
      "[[ 0.3981 -0.4221  0.8145]\n",
      " [-0.9174 -0.1831  0.3534]\n",
      " [ 0.     -0.8879 -0.4601]]\n",
      "[ 0.3981 -0.9174  0.    ] [-0.4221 -0.1831 -0.8879] [ 0.8145  0.3534 -0.4601]\n",
      "[[-0.3449 -0.8225  0.4523]\n",
      " [-0.9386  0.3022 -0.1662]\n",
      " [ 0.     -0.4819 -0.8762]]\n",
      "[-0.3449 -0.9386  0.    ] [-0.8225  0.3022 -0.4819] [ 0.4523 -0.1662 -0.8762]\n",
      "[[-0.3769  0.0603 -0.9243]\n",
      " [ 0.9262  0.0245 -0.3761]\n",
      " [ 0.     -0.9979 -0.0651]]\n",
      "[-0.3769  0.9262  0.    ] [ 0.0603  0.0245 -0.9979] [-0.9243 -0.3761 -0.0651]\n",
      "[[-0.6255 -0.5462 -0.5572]\n",
      " [ 0.7802 -0.4379 -0.4467]\n",
      " [ 0.     -0.7141  0.7   ]]\n",
      "[-0.6255  0.7802  0.    ] [-0.5462 -0.4379 -0.7141] [-0.5572 -0.4467  0.7   ]\n",
      "[[ 0.9167  0.067  -0.3939]\n",
      " [ 0.3996 -0.1537  0.9037]\n",
      " [-0.     -0.9858 -0.1677]]\n",
      "[ 0.9167  0.3996 -0.    ] [ 0.067  -0.1537 -0.9858] [-0.3939  0.9037 -0.1677]\n",
      "[[ 0.6723 -0.408   0.6178]\n",
      " [-0.7403 -0.3705  0.561 ]\n",
      " [ 0.     -0.8344 -0.5511]]\n",
      "[ 0.6723 -0.7403  0.    ] [-0.408  -0.3705 -0.8344] [ 0.6178  0.561  -0.5511]\n",
      "[[-0.0647 -0.3788 -0.9232]\n",
      " [ 0.9979 -0.0246 -0.0599]\n",
      " [ 0.     -0.9251  0.3796]]\n",
      "[-0.0647  0.9979  0.    ] [-0.3788 -0.0246 -0.9251] [-0.9232 -0.0599  0.3796]\n",
      "[[-0.9904  0.0416  0.1318]\n",
      " [-0.1382 -0.2983 -0.9444]\n",
      " [ 0.     -0.9536  0.3012]]\n",
      "[-0.9904 -0.1382  0.    ] [ 0.0416 -0.2983 -0.9536] [ 0.1318 -0.9444  0.3012]\n",
      "[[ 0.9997 -0.0047  0.0232]\n",
      " [-0.0236 -0.197   0.9801]\n",
      " [ 0.     -0.9804 -0.1971]]\n",
      "[ 0.9997 -0.0236  0.    ] [-0.0047 -0.197  -0.9804] [ 0.0232  0.9801 -0.1971]\n",
      "[[-0.8289 -0.4331  0.354 ]\n",
      " [-0.5593  0.6418 -0.5246]\n",
      " [ 0.     -0.6328 -0.7743]]\n",
      "[-0.8289 -0.5593  0.    ] [-0.4331  0.6418 -0.6328] [ 0.354  -0.5246 -0.7743]\n",
      "[[ 0.915   0.3504  0.2001]\n",
      " [-0.4036  0.7946  0.4537]\n",
      " [ 0.     -0.4959  0.8684]]\n",
      "[ 0.915  -0.4036  0.    ] [ 0.3504  0.7946 -0.4959] [ 0.2001  0.4537  0.8684]\n",
      "[[-0.1949 -0.7589  0.6214]\n",
      " [-0.9808  0.1508 -0.1235]\n",
      " [ 0.     -0.6335 -0.7737]]\n",
      "[-0.1949 -0.9808  0.    ] [-0.7589  0.1508 -0.6335] [ 0.6214 -0.1235 -0.7737]\n",
      "[[-0.9158  0.2116 -0.3412]\n",
      " [ 0.4015  0.4827 -0.7783]\n",
      " [ 0.     -0.8498 -0.5271]]\n",
      "[-0.9158  0.4015  0.    ] [ 0.2116  0.4827 -0.8498] [-0.3412 -0.7783 -0.5271]\n",
      "[[ 0.7306  0.5399  0.418 ]\n",
      " [-0.6828  0.5777  0.4473]\n",
      " [ 0.     -0.6122  0.7907]]\n",
      "[ 0.7306 -0.6828  0.    ] [ 0.5399  0.5777 -0.6122] [ 0.418   0.4473  0.7907]\n",
      "[[-0.8044  0.3096 -0.507 ]\n",
      " [ 0.594   0.4193 -0.6865]\n",
      " [ 0.     -0.8534 -0.5213]]\n",
      "[-0.8044  0.594   0.    ] [ 0.3096  0.4193 -0.8534] [-0.507  -0.6865 -0.5213]\n",
      "[[-0.9594 -0.0706  0.273 ]\n",
      " [-0.282   0.2404 -0.9288]\n",
      " [ 0.     -0.9681 -0.2506]]\n",
      "[-0.9594 -0.282   0.    ] [-0.0706  0.2404 -0.9681] [ 0.273  -0.9288 -0.2506]\n",
      "[[ 0.7652  0.4501 -0.4603]\n",
      " [ 0.6438 -0.535   0.5471]\n",
      " [-0.     -0.715  -0.6991]]\n",
      "[ 0.7652  0.6438 -0.    ] [ 0.4501 -0.535  -0.715 ] [-0.4603  0.5471 -0.6991]\n",
      "[[-0.4929  0.5936  0.6362]\n",
      " [-0.8701 -0.3363 -0.3604]\n",
      " [ 0.     -0.7311  0.6822]]\n",
      "[-0.4929 -0.8701  0.    ] [ 0.5936 -0.3363 -0.7311] [ 0.6362 -0.3604  0.6822]\n",
      "[[-0.8027  0.0839 -0.5905]\n",
      " [ 0.5964  0.1129 -0.7947]\n",
      " [ 0.     -0.9901 -0.1406]]\n",
      "[-0.8027  0.5964  0.    ] [ 0.0839  0.1129 -0.9901] [-0.5905 -0.7947 -0.1406]\n",
      "[[ 0.9958 -0.014   0.0907]\n",
      " [-0.0918 -0.1517  0.9842]\n",
      " [ 0.     -0.9883 -0.1523]]\n",
      "[ 0.9958 -0.0918  0.    ] [-0.014  -0.1517 -0.9883] [ 0.0907  0.9842 -0.1523]\n",
      "[[-0.7259 -0.2484 -0.6413]\n",
      " [ 0.6877 -0.2622 -0.6769]\n",
      " [ 0.     -0.9325  0.3612]]\n",
      "[-0.7259  0.6877  0.    ] [-0.2484 -0.2622 -0.9325] [-0.6413 -0.6769  0.3612]\n",
      "[[-0.1328  0.4349  0.8907]\n",
      " [-0.9911 -0.0583 -0.1193]\n",
      " [ 0.     -0.8986  0.4387]]\n",
      "[-0.1328 -0.9911  0.    ] [ 0.4349 -0.0583 -0.8986] [ 0.8907 -0.1193  0.4387]\n",
      "[[ 0.3602 -0.0375 -0.9321]\n",
      " [ 0.9329  0.0145  0.3599]\n",
      " [-0.     -0.9992  0.0402]]\n",
      "[ 0.3602  0.9329 -0.    ] [-0.0375  0.0145 -0.9992] [-0.9321  0.3599  0.0402]\n",
      "[[-0.0189 -0.5067  0.8619]\n",
      " [-0.9998  0.0096 -0.0163]\n",
      " [ 0.     -0.862  -0.5068]]\n",
      "[-0.0189 -0.9998  0.    ] [-0.5067  0.0096 -0.862 ] [ 0.8619 -0.0163 -0.5068]\n",
      "[[-5.1347e-01  1.0509e-05  8.5810e-01]\n",
      " [-8.5810e-01 -6.2885e-06 -5.1347e-01]\n",
      " [ 0.0000e+00 -1.0000e+00  1.2247e-05]]\n",
      "[-0.5135 -0.8581  0.    ] [ 1.0509e-05 -6.2885e-06 -1.0000e+00] [ 8.5810e-01 -5.1347e-01  1.2247e-05]\n",
      "[[ 0.5142 -0.0286 -0.8572]\n",
      " [ 0.8576  0.0172  0.5139]\n",
      " [-0.     -0.9994  0.0334]]\n",
      "[ 0.5142  0.8576 -0.    ] [-0.0286  0.0172 -0.9994] [-0.8572  0.5139  0.0334]\n",
      "[[-0.5206 -0.7924  0.3181]\n",
      " [-0.8538  0.4831 -0.1939]\n",
      " [ 0.     -0.3725 -0.928 ]]\n",
      "[-0.5206 -0.8538  0.    ] [-0.7924  0.4831 -0.3725] [ 0.3181 -0.1939 -0.928 ]\n",
      "[[-0.7753  0.5248  0.3514]\n",
      " [-0.6316 -0.6443 -0.4313]\n",
      " [ 0.     -0.5563  0.831 ]]\n",
      "[-0.7753 -0.6316  0.    ] [ 0.5248 -0.6443 -0.5563] [ 0.3514 -0.4313  0.831 ]\n",
      "[[ 0.9904  0.0965 -0.099 ]\n",
      " [ 0.1382 -0.6914  0.7092]\n",
      " [-0.     -0.716  -0.6981]]\n",
      "[ 0.9904  0.1382 -0.    ] [ 0.0965 -0.6914 -0.716 ] [-0.099   0.7092 -0.6981]\n",
      "[[-0.012  -0.8022 -0.5969]\n",
      " [ 0.9999 -0.0096 -0.0072]\n",
      " [ 0.     -0.597   0.8023]]\n",
      "[-0.012   0.9999  0.    ] [-0.8022 -0.0096 -0.597 ] [-0.5969 -0.0072  0.8023]\n",
      "[[-0.1901 -0.7463  0.6378]\n",
      " [-0.9818  0.1445 -0.1235]\n",
      " [ 0.     -0.6497 -0.7602]]\n",
      "[-0.1901 -0.9818  0.    ] [-0.7463  0.1445 -0.6497] [ 0.6378 -0.1235 -0.7602]\n",
      "[[ 0.9692 -0.2385 -0.0609]\n",
      " [ 0.2461  0.9391  0.2397]\n",
      " [-0.     -0.2474  0.9689]]\n",
      "[ 0.9692  0.2461 -0.    ] [-0.2385  0.9391 -0.2474] [-0.0609  0.2397  0.9689]\n",
      "[[-0.6446 -0.1345  0.7526]\n",
      " [-0.7645  0.1134 -0.6345]\n",
      " [ 0.     -0.9844 -0.176 ]]\n",
      "[-0.6446 -0.7645  0.    ] [-0.1345  0.1134 -0.9844] [ 0.7526 -0.6345 -0.176 ]\n",
      "[[-0.5091 -0.6723  0.5374]\n",
      " [-0.8607  0.3977 -0.3179]\n",
      " [ 0.     -0.6244 -0.7811]]\n",
      "[-0.5091 -0.8607  0.    ] [-0.6723  0.3977 -0.6244] [ 0.5374 -0.3179 -0.7811]\n",
      "[[ 0.7549 -0.4422 -0.4843]\n",
      " [ 0.6559  0.509   0.5575]\n",
      " [-0.     -0.7385  0.6743]]\n",
      "[ 0.7549  0.6559 -0.    ] [-0.4422  0.509  -0.7385] [-0.4843  0.5575  0.6743]\n",
      "[[ 0.3768  0.0892  0.922 ]\n",
      " [-0.9263  0.0363  0.375 ]\n",
      " [ 0.     -0.9954  0.0963]]\n",
      "[ 0.3768 -0.9263  0.    ] [ 0.0892  0.0363 -0.9954] [ 0.922   0.375   0.0963]\n",
      "[[ 0.246   0.3288 -0.9118]\n",
      " [ 0.9693 -0.0834  0.2314]\n",
      " [-0.     -0.9407 -0.3392]]\n",
      "[ 0.246   0.9693 -0.    ] [ 0.3288 -0.0834 -0.9407] [-0.9118  0.2314 -0.3392]\n",
      "[[-0.3829 -0.4484  0.8076]\n",
      " [-0.9238  0.1859 -0.3348]\n",
      " [ 0.     -0.8743 -0.4854]]\n",
      "[-0.3829 -0.9238  0.    ] [-0.4484  0.1859 -0.8743] [ 0.8076 -0.3348 -0.4854]\n",
      "[[ 0.3206 -0.3447 -0.8823]\n",
      " [ 0.9472  0.1167  0.2986]\n",
      " [-0.     -0.9314  0.3639]]\n",
      "[ 0.3206  0.9472 -0.    ] [-0.3447  0.1167 -0.9314] [-0.8823  0.2986  0.3639]\n",
      "[[-0.9536 -0.2551 -0.1601]\n",
      " [ 0.3011 -0.8076 -0.507 ]\n",
      " [ 0.     -0.5317  0.8469]]\n",
      "[-0.9536  0.3011  0.    ] [-0.2551 -0.8076 -0.5317] [-0.1601 -0.507   0.8469]\n",
      "[[ 0.2389  0.1647  0.957 ]\n",
      " [-0.971   0.0405  0.2355]\n",
      " [ 0.     -0.9855  0.1696]]\n",
      "[ 0.2389 -0.971   0.    ] [ 0.1647  0.0405 -0.9855] [ 0.957   0.2355  0.1696]\n",
      "[[ 0.0363 -0.7951  0.6054]\n",
      " [-0.9993 -0.0289  0.022 ]\n",
      " [ 0.     -0.6058 -0.7956]]\n",
      "[ 0.0363 -0.9993  0.    ] [-0.7951 -0.0289 -0.6058] [ 0.6054  0.022  -0.7956]\n"
     ]
    }
   ],
   "source": [
    "def create_error(start, error, colour, radius=0.005, resolution=20):\n",
    "    end = start@error\n",
    "    # Extract translation vectors from the matrices\n",
    "    start_translation = np.array(start[:3, 3])\n",
    "    end_translation = np.array(end[:3, 3])\n",
    "\n",
    "    # Calculate the height of the cylinder\n",
    "    height = np.linalg.norm(end_translation - start_translation)\n",
    "\n",
    "    # Create a cylinder\n",
    "    cylinder = o3d.geometry.TriangleMesh.create_cylinder(radius=radius, height=height, resolution=resolution)\n",
    "\n",
    "    # Calculate the rotation matrix to align the cylinder with the direction from start to end\n",
    "    z = [0,0,1]\n",
    "    direction = end_translation - start_translation\n",
    "    dz = direction/np.linalg.norm(direction)\n",
    "    dx = np.cross(dz, z)/np.linalg.norm(np.cross(dz, z))\n",
    "    dy = np.cross(dz, dx)/np.linalg.norm(np.cross(dz, dx))\n",
    "\n",
    "    rotation_matrix = np.vstack([dx,dy,dz]).T\n",
    "    print(rotation_matrix)\n",
    "    print(dx, dy, dz)\n",
    "\n",
    "    # Apply the rotation and translation to the cylinder\n",
    "    cylinder.translate(np.array([0, 0, height/2]))\n",
    "    cylinder.rotate(rotation_matrix, center=(0,0,0))\n",
    "    cylinder.translate(start_translation)\n",
    "    cylinder.paint_uniform_color(colour)\n",
    "\n",
    "    return cylinder\n",
    "\n",
    "errors = [create_error(np_exp(poses[i]), np_exp(Zij), [0.7,0.7,0.7]) for (i, j), Zij in measurements.items()]\n",
    "\n",
    "o3d.visualization.draw_geometries([x for x in chain(errors, start_poses, end_poses, true_poses, [create_axis(np.eye(4), [0,0,0])])])"
   ]
  }
 ],
 "metadata": {
  "kernelspec": {
   "display_name": "computer_vision",
   "language": "python",
   "name": "python3"
  },
  "language_info": {
   "codemirror_mode": {
    "name": "ipython",
    "version": 3
   },
   "file_extension": ".py",
   "mimetype": "text/x-python",
   "name": "python",
   "nbconvert_exporter": "python",
   "pygments_lexer": "ipython3",
   "version": "3.10.0"
  }
 },
 "nbformat": 4,
 "nbformat_minor": 2
}
